%YAML:1.0
---
model_type: PINHOLE
camera_name: camera
image_width: 640
image_height: 480
distortion_parameters:
   k1: 0.0
   k2: 0.0
   p1: 0.0
   p2: 0.0
projection_parameters:
   fx: 382.47998046875
   fy: 382.47998046875
   cx: 320.4830017089844
   cy: 242.81544494628906
